0.0000 2.0000 0.0000 0.0000
0.0779 1.8442 0.0779 0.2000
0.2873 1.4254 0.2873 0.4000
0.5630 0.8741 0.5630 0.6000
0.8190 0.3620 0.8190 0.8000
0.9757 0.0486 0.9757 1.0000
0.9841 0.0317 0.9841 1.2000
0.8418 0.3165 0.8418 1.4000
0.5929 0.8142 0.5929 1.6000
0.3151 1.3698 0.3151 1.8000
0.0949 1.8102 0.0949 2.0000
0.0009 1.9982 0.0009 2.2000
0.0624 1.8752 0.0624 2.4000
0.2603 1.4795 0.2603 2.6000
0.5328 0.9344 0.5328 2.8000
0.7951 0.4098 0.7951 3.0000
0.9655 0.0691 0.9655 3.2000
0.9908 0.0184 0.9908 3.4000
0.8633 0.2735 0.8633 3.6000
0.6225 0.7550 0.6225 3.8000
0.3436 1.3128 0.3436 4.0000
0.1134 1.7732 0.1134 4.2000
0.0037 1.9927 0.0037 4.4000
0.0486 1.9029 0.0486 4.6000
0.2341 1.5318 0.2341 4.8000
0.5025 0.9950 0.5025 5.0000
0.7701 0.4598 0.7701 5.2000
0.9535 0.0929 0.9535 5.4000
0.9957 0.0086 0.9957 5.6000
0.8834 0.2332 0.8834 5.8000
0.6517 0.6967 0.6517 6.0000
0.3727 1.2547 0.3727 6.2000
0.1333 1.7333 0.1333 6.4000
0.0083 1.9835 0.0083 6.6000
0.0364 1.9273 0.0364 6.8000
0.2089 1.5821 0.2089 7.0000
0.4722 1.0556 0.4722 7.2000
0.7441 0.5118 0.7441 7.4000
0.9400 0.1201 0.9400 7.6000
0.9988 0.0025 0.9988 7.8000
0.9022 0.1957 0.9022 8.0000
0.6803 0.6395 0.6803 8.2000
0.4022 1.1956 0.4022 8.4000
0.1546 1.6908 0.1546 8.6000
0.0146 1.9707 0.0146 8.8000
0.0259 1.9483 0.0259 9.0000
0.1848 1.6304 0.1848 9.2000
0.4420 1.1161 0.4420 9.4000
0.7172 0.5656 0.7172 9.6000
0.9248 0.1505 0.9248 9.8000
1.0000 0.0000 1.0000 10.0000
0.9194 0.1611 0.9194 10.2000
0.7082 0.5836 0.7082 10.4000
0.4321 1.1358 0.4321 10.6000
0.1772 1.6457 0.1772 10.8000
0.0228 1.9544 0.0228 11.0000
0.0171 1.9658 0.0171 11.2000
0.1619 1.6762 0.1619 11.4000
0.4120 1.1760 0.4120 11.6000
0.6895 0.6210 0.6895 11.8000
0.9080 0.1840 0.9080 12.0000
0.9994 0.0013 0.9994 12.2000
0.9352 0.1297 0.9352 12.4000
0.7354 0.5293 0.7354 12.6000
0.4623 1.0755 0.4623 12.8000
0.2009 1.5982 0.2009 13.0000
0.0327 1.9345 0.0327 13.2000
0.0101 1.9797 0.0101 13.4000
0.1402 1.7197 0.1402 13.6000
0.3823 1.2354 0.3823 13.8000
0.6611 0.6778 0.6611 14.0000
0.8897 0.2206 0.8897 14.2000
0.9969 0.0062 0.9969 14.4000
0.9493 0.1014 0.9493 14.6000
0.7617 0.4766 0.7617 14.8000
0.4925 1.0149 0.4925 15.0000
0.2257 1.5485 0.2257 15.2000
0.0444 1.9112 0.0444 15.4000
0.0050 1.9901 0.0050 15.6000
0.1198 1.7604 0.1198 15.8000
0.3531 1.2939 0.3531 16.0000
0.6321 0.7358 0.6321 16.2000
0.8700 0.2600 0.8700 16.4000
0.9926 0.0148 0.9926 16.6000
0.9618 0.0765 0.9618 16.8000
0.7870 0.4260 0.7870 17.0000
0.5229 0.9543 0.5229 17.2000
0.2516 1.4968 0.2516 17.4000
0.0577 1.8846 0.0577 17.6000
0.0016 1.9968 0.0016 17.8000
0.1008 1.7984 0.1008 18.0000
0.3244 1.3512 0.3244 18.2000
0.6027 0.7947 0.6027 18.4000
0.8490 0.3021 0.8490 18.6000
0.9865 0.0269 0.9865 18.8000
0.9725 0.0549 0.9725 19.0000
0.8113 0.3774 0.8113 19.2000
0.5531 0.8938 0.5531 19.4000
0.2783 1.4433 0.2783 19.6000
0.0726 1.8547 0.0726 19.8000
0.0001 1.9998 0.0001 20.0000
